# F(k,t) correlation function
# Reference time: 200.001 ps
# lag_time_ps	F(k,t)
0.021000	472.75200109
1.021000	-1.60162778
2.021000	39.97349038
3.022000	21.78861926
4.023000	-22.67956385
5.024000	57.49027000
6.025000	58.59195946
7.026000	-5.90017027
8.027000	-15.48352180
9.028000	-61.53029865
10.029000	6.31559769
11.030000	44.39780338
12.031000	25.99317530
13.032000	66.73322692
14.033000	-89.66170373
15.034000	0.43725712
16.035000	-101.15573438
17.036000	45.25442414
18.037000	-8.74731104
19.038000	23.15985913
20.039000	-47.83459009
21.040000	127.11411823
22.041000	26.06574650
23.042000	44.26594365
24.043000	49.66974849
25.044000	-6.35574623
26.045000	-64.93501937
27.046000	-37.27607940
28.047000	127.39396533
29.048000	-47.56766799
30.049000	101.55644669
31.050000	60.23023623
32.051000	-37.00890870
33.052000	-106.19170531
34.053000	40.17698865
35.054000	16.69209296
36.055000	-37.97214319
37.056000	-57.42151733
38.057000	10.22920881
39.058000	-9.99689447
40.059000	39.02090031
41.060000	16.67133545
42.061000	16.25559169
43.062000	-29.64026757
44.063000	33.55222646
45.064000	-14.06242738
46.065000	-100.31601170
47.066000	-66.69985277
48.067000	-104.11835932
49.068000	-54.36771998
50.069000	20.52761139
51.070000	-83.01407378
52.071000	-62.44854027
53.072000	78.17805226
54.073000	17.44365287
55.074000	-22.24063024
56.075000	38.58440431
57.076000	-89.68431009
58.077000	48.01469616
59.078000	86.38799024
60.079000	-135.06040221
61.080000	-166.92936509
62.081000	48.61850167
63.082000	1.95742698
64.083000	28.34156257
65.084000	-27.06231224
66.085000	9.67623939
67.086000	-1.42524516
68.087000	-12.88034535
69.088000	27.74065505
70.089000	107.17545297
71.090000	-9.00799716
72.091000	21.54334054
73.092000	-93.86782299
74.093000	85.57685929
75.094000	72.48899143
76.095000	10.32510284
77.096000	56.18362066
78.097000	49.82602929
79.098000	-91.75120565
80.099000	-0.46365070
81.100000	0.62349667
82.101000	-9.38210705
83.102000	-3.74732651
84.103000	83.19512327
85.104000	-67.47430747
86.105000	-87.25044411
87.106000	-34.37012478
88.107000	17.89276358
89.108000	-1.71156409
90.109000	-21.63927049
91.110000	4.34350738
92.111000	31.54726981
93.112000	45.14899414
94.113000	-145.08559672
95.114000	35.25427749
96.115000	-9.95060698
97.116000	-61.84124697
98.117000	-0.94867867
99.118000	23.42419468
100.119000	-47.83608313
101.120000	54.92459969
102.121000	-79.85985281
103.122000	2.59882893
104.123000	98.43852878
105.124000	-116.69071834
106.125000	-79.85131846
107.126000	-38.97168618
108.127000	82.29806179
109.128000	-44.84873009
110.129000	10.66844885
111.130000	-24.56024266
112.131000	86.92037407
113.132000	98.79698939
114.133000	2.09440231
115.134000	15.71966775
116.135000	-22.29608110
117.136000	20.57089250
118.137000	-8.76568606
119.138000	-63.01619367
120.139000	18.52516352
121.140000	-42.02172462
122.141000	4.13484475
123.142000	19.97150999
124.143000	-23.32690052
125.144000	-71.18835859
126.145000	-58.45104901
127.146000	-26.04151426
128.147000	-8.76852685
129.148000	-32.67069455
130.149000	-9.91598291
131.150000	7.21239270
132.151000	-101.63860882
133.152000	5.22149538
134.153000	-36.64209630
135.154000	27.50174366
136.155000	-19.36606187
137.156000	-54.14869705
138.157000	-56.34471226
139.158000	27.08450316
140.159000	62.61818649
141.160000	61.85934373
142.161000	-111.65422952
143.162000	-71.17909554
144.163000	39.61083262
145.164000	-83.63822838
146.165000	-43.91594411
147.166000	-6.87902006
148.167000	9.46906867
149.168000	52.26860418
150.169000	-34.02565043
151.170000	-42.16302282
152.171000	-41.74625316
153.172000	-119.70936841
154.173000	-97.48418181
155.174000	-5.08197709
156.175000	74.30112905
157.176000	34.03402487
158.177000	49.61007537
159.178000	-52.84879144
160.179000	22.52709298
161.180000	40.33101214
162.181000	6.50933111
163.182000	-104.27347874
164.183000	38.91579943
165.184000	61.51476640
166.185000	1.42757359
167.186000	0.23659026
168.187000	74.63384505
169.188000	49.42919853
170.189000	-62.33943882
171.190000	-6.96110872
172.191000	41.69510750
173.192000	-47.07791800
174.193000	-18.97669214
175.194000	-0.37977100
176.195000	80.09888312
177.196000	-173.23885350
178.197000	-31.46273752
179.198000	-44.64761766
180.199000	84.82193042
181.200000	94.33255310
182.201000	-79.90614762
183.202000	54.61389081
184.203000	-62.42625083
185.204000	70.27918833
186.205000	57.03051723
187.206000	-13.04836244
188.207000	17.74703328
189.208000	-32.14523362
190.209000	2.56164003
191.210000	110.10706782
192.211000	-12.85450214
193.212000	20.22625122
194.213000	52.13543976
195.214000	-6.76050269
196.215000	57.32857106
197.216000	-41.94894621
198.217000	54.67406471
199.218000	31.06285627
200.219000	13.32097457
201.220000	102.83973310
202.221000	-147.58636833
203.222000	61.04218748
204.223000	-25.47640917
205.224000	-23.72243260
206.225000	-43.56674248
207.226000	150.82831457
208.227000	70.38311644
209.228000	6.10569662
210.229000	44.17563915
211.230000	-31.76229903
212.231000	-9.59406264
213.232000	-58.55538159
214.233000	-45.09019564
215.234000	-99.48173239
216.235000	-14.64859564
217.236000	-37.07658209
218.237000	-80.07330311
219.238000	40.63254926
220.239000	65.26861169
221.240000	55.87626891
222.241000	22.86038000
223.242000	-6.48971346
224.243000	19.64190329
225.244000	-54.85462200
226.245000	-74.78195714
227.246000	-29.03963344
228.247000	6.30115231
229.248000	-21.58555767
230.249000	132.43773987
231.250000	-58.30379244
232.251000	20.22463657
233.252000	30.00320482
234.253000	12.36658995
235.254000	-28.41771466
236.255000	0.23223345
237.256000	50.28609050
238.257000	79.58445640
239.258000	-56.28662243
240.259000	63.64106209
241.260000	-69.87245106
242.261000	53.92082631
243.262000	15.09818268
244.263000	-16.65014225
245.264000	62.39776359
246.265000	-26.96534051
247.266000	23.45128995
248.267000	72.41732776
249.268000	-73.17700591
250.269000	-82.49227750
251.270000	-21.44891225
252.271000	138.82175343
253.272000	12.43777294
254.273000	37.62495672
255.274000	13.42895231
256.275000	-101.17665410
257.276000	12.55082086
258.277000	-10.11189173
259.278000	-34.29104539
260.279000	-20.32081624
261.280000	2.25636250
262.281000	28.84329409
263.282000	-102.40861167
264.283000	145.49086652
265.284000	54.84399940
266.285000	-80.64342240
267.286000	-68.00057012
268.287000	39.66056458
269.288000	-56.49316904
270.289000	-73.09447162
271.290000	76.22140968
272.291000	30.70697991
273.292000	24.15158180
274.293000	-38.21182026
275.294000	116.70259344
276.295000	65.58412709
277.296000	-8.06415379
278.297000	-12.53101434
279.298000	-50.15406271
280.299000	-59.86778896
281.300000	-108.08938887
282.301000	-40.74287724
283.302000	-52.14080072
284.303000	117.01371344
285.304000	43.82075964
286.305000	0.73182421
287.306000	105.11620915
288.307000	-12.11495220
289.308000	83.92097697
290.309000	39.63163917
291.310000	-17.68156271
292.311000	127.02106365
293.312000	75.82649516
294.313000	-21.13565308
295.314000	-13.59069335
296.315000	-28.30444827
297.316000	10.35381535
298.317000	43.83264207
299.318000	-40.47938756
300.319000	-111.60333255
301.320000	-62.03257912
302.321000	-9.65726998
303.322000	-10.02743782
304.323000	33.14491129
305.324000	25.51842794
306.325000	21.33211444
307.326000	-79.15502751
308.327000	10.67231553
309.328000	28.90896800
310.329000	-85.02290064
311.330000	24.90809181
312.331000	18.65381766
313.332000	-13.68723695
314.333000	66.07817512
315.334000	66.79892014
316.335000	145.60167679
317.336000	73.15014049
318.337000	-28.19459055
319.338000	-47.00278553
320.339000	-29.17213020
321.340000	73.37767418
322.341000	24.94118449
323.342000	-10.84819532
324.343000	34.95835029
325.344000	37.34044930
326.345000	38.90841473
327.346000	39.17772879
328.347000	-36.91795871
329.348000	-5.23091598
330.349000	-49.06346763
331.350000	56.55245727
332.351000	-15.33871196
333.352000	-27.77506392
334.353000	-13.48301515
335.354000	-0.57354039
336.355000	28.76369475
337.356000	35.87692313
338.357000	20.19971245
339.358000	42.82010496
340.359000	14.70906953
341.360000	34.61244843
342.361000	27.47013857
343.362000	-37.53512477
344.363000	-88.65230875
345.364000	-7.99141803
346.365000	-4.64017928
347.366000	-122.18817597
348.367000	-8.14446397
349.368000	-79.34528965
350.369000	-30.95704111
351.370000	-70.52697846
352.371000	-21.47783756
353.372000	62.49091371
354.373000	-35.99764002
355.374000	3.23830522
356.375000	-57.18298761
357.376000	119.60732155
358.377000	16.60337266
359.378000	-126.09114812
360.379000	-83.87388902
361.380000	-58.80122664
362.381000	-7.43003135
363.382000	28.34707741
364.383000	58.07867883
365.384000	-10.63392353
366.385000	5.12161936
367.386000	-27.34517356
368.387000	8.10033995
369.388000	60.84787561
370.389000	38.81486023
371.390000	-47.45499235
372.391000	55.52473616
373.392000	0.79241406
374.393000	56.98835360
375.394000	-22.21469459
376.395000	-74.45402475
377.396000	36.77810054
378.397000	-40.03872141
379.398000	-3.93374236
380.399000	-68.81619653
381.400000	41.85398567
382.401000	8.07050146
383.402000	-106.15251059
384.403000	-2.87313655
385.404000	-103.36284080
386.405000	-90.22535796
387.406000	-132.10303409
388.407000	24.35218272
389.408000	-57.77222067
390.409000	-98.75088674
391.410000	47.86786463
392.411000	2.57709765
393.412000	-106.80392699
394.413000	-24.27766870
395.414000	-104.76481163
396.415000	50.61323670
397.416000	34.55755685
398.417000	-50.88170049
399.418000	34.99546216
400.419000	-70.69250982
401.420000	17.74735673
402.421000	59.33857102
403.422000	36.24512780
404.423000	51.55845487
405.424000	51.76882759
406.425000	14.13661175
407.426000	85.14411385
408.427000	31.80799403
409.428000	-62.38856052
410.429000	124.77953005
411.430000	-53.47799538
412.431000	29.86939319
413.432000	-26.66844028
414.433000	-65.12720145
415.434000	-65.65233915
416.435000	-58.53934531
417.436000	-45.26511200
418.437000	83.67076182
419.438000	3.22947504
420.439000	-34.67170108
421.440000	-28.81574849
422.441000	-37.28085411
